      0.9993836282    0.9737029990    0.9994528479
      0.7518502154    0.7308099879    0.7530305551
      0.5603930542    0.5465627909    0.5618152648
      0.4406639495    0.4328099912    0.4417054310
      0.3761239784    0.3719939677    0.3767416727
      0.3449773063    0.3429292546    0.3453149993
      0.3321910279    0.3312457770    0.3323656770
      0.3289389530    0.3285516220    0.3290312325
      0.3305476878    0.3304561813    0.3305967473
      0.3347188048    0.3347905491    0.3347449313
      0.3402579521    0.3404131593    0.3402712932
      0.3464816903    0.3466804640    0.3464885998
      0.3530491002    0.3532722929    0.3530529400
      0.3597965868    0.3600348219    0.3597989053
      0.3666439704    0.3668925842    0.3666455303
      0.3735510327    0.3738076829    0.3735522168
      0.3804973176    0.3807608316    0.3804983199
      0.3874722765    0.3877420695    0.3874731954
      0.3944703395    0.3947461228    0.3944712249
      0.4014884455    0.4017700798    0.4014893227
      0.4085248045    0.4088122254    0.4085256864
      0.4155782750    0.4158714562    0.4155791683
      0.4226480518    0.4229469857    0.4226489598
      0.4297335073    0.4300381958    0.4297344318
      0.4368341118    0.4371445614    0.4368350537
      0.4439493927    0.4442656120    0.4439503525
      0.4510789136    0.4514009121    0.4510798915
      0.4582222629    0.4585500505    0.4582232591
      0.4653790482    0.4657126347    0.4653800628
      0.4725488931    0.4728882880    0.4725499261
      0.4797314347    0.4800766473    0.4797324862
      0.4869263228    0.4872773621    0.4869273928
      0.4941332185    0.4944900932    0.4941343070
      0.5013517939    0.5017145123    0.5013529010
      0.5085817310    0.5089503012    0.5085828567
      0.5158227218    0.5161971514    0.5158238660
      0.5230744671    0.5234547634    0.5230756299
      0.5303366765    0.5307228465    0.5303378579
      0.5376090679    0.5380011184    0.5376102680
      0.5448913671    0.5452893043    0.5448925858
      0.5521833073    0.5525871373    0.5521845446
      0.5594846289    0.5598943574    0.5594858848
      0.5667950792    0.5672107116    0.5667963538
      0.5741144119    0.5745359534    0.5741157052
      0.5814423871    0.5818698424    0.5814436990
      0.5887787708    0.5892121443    0.5887801012
      0.5961233345    0.5965626304    0.5961246836
      0.6034758553    0.6039210776    0.6034772230
      0.6108361157    0.6112872678    0.6108375020
      0.6182039028    0.6186609881    0.6182053077
      0.6255790087    0.6260420302    0.6255804322
      0.6329612301    0.6334301905    0.6329626721
      0.6403503680    0.6408252696    0.6403518284
      0.6477462274    0.6482270725    0.6477477064
      0.6551486177    0.6556354081    0.6551501152
      0.6625573519    0.6630500891    0.6625588678
      0.6699722466    0.6704709319    0.6699737810
      0.6773931222    0.6778977567    0.6773946750
      0.6848198023    0.6853303866    0.6848213734
      0.6922521138    0.6927686483    0.6922537032
      0.6996898866    0.7002123715    0.6996914943
      0.7071329537    0.7076613890    0.7071345797
      0.7145811509    0.7151155361    0.7145827951
      0.7220343168    0.7225746513    0.7220359792
      0.7294922925    0.7300385754    0.7294939730
      0.7369549217    0.7375071517    0.7369566203
      0.7444220505    0.7449802262    0.7444237672
      0.7518935272    0.7524576468    0.7518952619
      0.7593692025    0.7599392639    0.7593709551
      0.7668489289    0.7674249299    0.7668506994
      0.7743325612    0.7749144993    0.7743343495
      0.7818199560    0.7824078282    0.7818217621
      0.7893109718    0.7899047750    0.7893127956
      0.7968054687    0.7974051995    0.7968073101
      0.8043033086    0.8049089633    0.8043051676
      0.8118043550    0.8124159297    0.8118062316
      0.8193084729    0.8199259634    0.8193103669
      0.8268155287    0.8274389304    0.8268174401
      0.8343253902    0.8349546983    0.8343273189
      0.8418379266    0.8424731360    0.8418398725
      0.8493530080    0.8499941135    0.8493549711
      0.8568705062    0.8575175020    0.8568724863
      0.8643902936    0.8650431738    0.8643922908
      0.8719122440    0.8725710023    0.8719142580
      0.8794362319    0.8801008619    0.8794382627
      0.8869621329    0.8876326277    0.8869641804
      0.8944898233    0.8951661759    0.8944918875
      0.9020191804    0.9027013833    0.9020212611
      0.9095500821    0.9102381276    0.9095521792
      0.9170824070    0.9177762872    0.9170845205
      0.9246160344    0.9253157408    0.9246181640
      0.9321508440    0.9328563681    0.9321529898
      0.9396867161    0.9403980490    0.9396888779
      0.9472235317    0.9479406640    0.9472257094
      0.9547611718    0.9554840940    0.9547633653
      0.9622995181    0.9630282202    0.9623017272
      0.9698384523    0.9705729242    0.9698406770
      0.9773778568    0.9781180878    0.9773800968
      0.9849176136    0.9856635929    0.9849198689
      0.9924576054    0.9932093217    0.9924598759
      0.9999977147    1.0007551564    1.0000000002
      1.0075378242    1.0083009794    1.0075401245
      1.0150778165    1.0158466728    1.0150801315
      1.0226175741    1.0233921189    1.0226199037
      1.0301569795    1.0309371998    1.0301593235
      1.0376959152    1.0384817975    1.0376982734
      1.0452342631    1.0460257937    1.0452366354
      1.0527719052    1.0535690699    1.0527742915
      1.0603087230    1.0611115072    1.0603111231
      1.0678445978    1.0686529865    1.0678470114
      1.0753794103    1.0761933882    1.0753818373
      1.0829130408    1.0837325921    1.0829154811
      1.0904453692    1.0912704777    1.0904478226
      1.0979762747    1.0988069237    1.0979787409
      1.1055056360    1.1063418084    1.1055081148
      1.1130333309    1.1138750093    1.1130358222
      1.1205592367    1.1214064030    1.1205617402
      1.1280832297    1.1289358654    1.1280857452
      1.1356051854    1.1364632718    1.1356077129
      1.1431249786    1.1439884961    1.1431275176
      1.1506424829    1.1515114116    1.1506450333
      1.1581575708    1.1590318904    1.1581601323
      1.1656701139    1.1665498034    1.1656726863
      1.1731799826    1.1740650205    1.1731825656
      1.1806870458    1.1815774102    1.1806896392
      1.1881911716    1.1890868398    1.1881937751
      1.1956922262    1.1965931751    1.1956948395
      1.2031900746    1.2040962806    1.2031926976
      1.2106845805    1.2115960192    1.2106872127
      1.2181756055    1.2190922520    1.2181782467
      1.2256630100    1.2265848388    1.2256656599
      1.2331466524    1.2340736372    1.2331493107
      1.2406263893    1.2415585033    1.2406290556
      1.2481020754    1.2490392911    1.2481047495
      1.2555735634    1.2565158526    1.2555762449
      1.2630407039    1.2639880376    1.2630433924
      1.2705033452    1.2714556938    1.2705060404
      1.2779613335    1.2789186664    1.2779640350
      1.2854145123    1.2863767985    1.2854172199
      1.2928627230    1.2938299304    1.2928654361
      1.3003058040    1.3012778997    1.3003085222
      1.3077435912    1.3087205416    1.3077463142
      1.3151759175    1.3161576880    1.3151786448
      1.3226026129    1.3235891681    1.3226053441
      1.3300235044    1.3310148078    1.3300262390
      1.3374384156    1.3384344299    1.3374411531
      1.3448471666    1.3458478535    1.3448499067
      1.3522495744    1.3532548945    1.3522523164
      1.3596454519    1.3606553647    1.3596481954
      1.3670346083    1.3680490724    1.3670373527
      1.3744168489    1.3754358216    1.3744195937
      1.3817919746    1.3828154121    1.3817947192
      1.3891597821    1.3901876394    1.3891625260
      1.3965200636    1.3975522944    1.3965228061
      1.4038726062    1.4049091629    1.4038753467
      1.4112171923    1.4122580260    1.4112199301
      1.4185535990    1.4195986595    1.4185563335
      1.4258815981    1.4269308335    1.4258843286
      1.4332009554    1.4342543125    1.4332036812
      1.4405114311    1.4415688550    1.4405141514
      1.4478127789    1.4488742132    1.4478154929
      1.4551047461    1.4561701326    1.4551074530
      1.4623870732    1.4634563520    1.4623897722
      1.4696594934    1.4707326028    1.4696621836
      1.4769217325    1.4779986089    1.4769244130
      1.4841735085    1.4852540862    1.4841761783
      1.4914145309    1.4924987422    1.4914171891
      1.4986445008    1.4997322758    1.4986471463
      1.5058631099    1.5069543765    1.5058657418
      1.5130700406    1.5141647241    1.5130726576
      1.5202649648    1.5213629882    1.5202675658
      1.5274475437    1.5285488275    1.5274501276
      1.5346174273    1.5357218889    1.5346199926
      1.5417742527    1.5428818068    1.5417767982
      1.5489176435    1.5500282015    1.5489201677
      1.5560472074    1.5571606771    1.5560497088
      1.5631625332    1.5642788184    1.5631650101
      1.5702631844    1.5713821838    1.5702656348
      1.5773486886    1.5784702942    1.5773511103
      1.5844185166    1.5855426103    1.5844209063
      1.5914720410    1.5925984882    1.5914743940
      1.5985084562    1.5996370937    1.5985107650
      1.6055266200    1.6066572304    1.6055288712
      1.6125247384    1.6136570010    1.6125269070
      1.6194997402    1.6206331308    1.6195017777
      1.6264460301    1.6275796213    1.6264478410
      1.6333530025    1.6344850607    1.6333543955
      1.6402000715    1.6413272457    1.6402006620
      1.6469467267    1.6480624088    1.6469457363
      1.6535125280    1.6546035067    1.6535083688
      1.6597366843    1.6607763662    1.6597261096
      1.6652953086    1.6662278409    1.6652709840
      1.6695047509    1.6702102753    1.6694517075
      1.6710017396    1.6713003909    1.6709045458
      1.6676841445    1.6671950648    1.6674984849
      1.6549417624    1.6528735665    1.6545609130
      1.6238987748    1.6189047240    1.6232013060
      1.5596274319    1.5496069490    1.5584628176
      1.4404977070    1.4231412744    1.4389144403
      1.2481317118    1.2239786150    1.2469405917
      0.9993836282    0.9737029990    0.9994528479
      0.9999992601    1.0004300291    1.0000000003
      1.0042958441    1.0047284642    1.0042965872
      1.0085924153    1.0090268852    1.0085931613
      1.0128889610    1.0133252793    1.0128897099
      1.0171854685    1.0176236339    1.0171862203
      1.0214819250    1.0219219361    1.0214826797
      1.0257783176    1.0262201731    1.0257790752
      1.0300746337    1.0305183321    1.0300753942
      1.0343708605    1.0348164002    1.0343716238
      1.0386669850    1.0391143648    1.0386677512
      1.0429629946    1.0434122128    1.0429637636
      1.0472588763    1.0477099314    1.0472596481
      1.0515546172    1.0520075078    1.0515553919
      1.0558502046    1.0563049290    1.0558509820
      1.0601456254    1.0606021820    1.0601464056
      1.0644408667    1.0648992540    1.0644416497
      1.0687359155    1.0691961318    1.0687367013
      1.0730307588    1.0734928024    1.0730315474
      1.0773253836    1.0777892528    1.0773261749
      1.0816197767    1.0820854698    1.0816205708
      1.0859139251    1.0863814404    1.0859147219
      1.0902078156    1.0906771512    1.0902086151
      1.0945014349    1.0949725891    1.0945022371
      1.0987947698    1.0992677407    1.0987955747
      1.1030878070    1.1035625928    1.1030886146
      1.1073805331    1.1078571319    1.1073813434
      1.1116729348    1.1121513445    1.1116737477
      1.1159649984    1.1164452172    1.1159658139
      1.1202567105    1.1207387365    1.1202575287
      1.1245480575    1.1250318886    1.1245488783
      1.1288390257    1.1293246598    1.1288398491
      1.1331296014    1.1336170365    1.1331304274
      1.1374197708    1.1379090048    1.1374205993
      1.1417095200    1.1422005507    1.1417103511
      1.1459988350    1.1464916603    1.1459996687
      1.1502877019    1.1507823196    1.1502885381
      1.1545761065    1.1550725143    1.1545769452
      1.1588640346    1.1593622303    1.1588648758
      1.1631514720    1.1636514532    1.1631523156
      1.1674384042    1.1679401687    1.1674392503
      1.1717248168    1.1722283622    1.1717256654
      1.1760106953    1.1765160191    1.1760115463
      1.1802960249    1.1808031247    1.1802968784
      1.1845807910    1.1850896642    1.1845816468
      1.1888649786    1.1893756228    1.1888658368
      1.1931485727    1.1936609853    1.1931494333
      1.1974315583    1.1979457367    1.1974324212
      1.2017139202    1.2022298617    1.2017147854
      1.2059956429    1.2065133449    1.2059965104
      1.2102767111    1.2107961707    1.2102775809
      1.2145571091    1.2150783237    1.2145579811
      1.2188368211    1.2193597879    1.2188376955
      1.2231158313    1.2236405474    1.2231167079
      1.2273941237    1.2279205860    1.2273950024
      1.2316716818    1.2321998875    1.2316725627
      1.2359484892    1.2364784354    1.2359493723
      1.2402245293    1.2407562127    1.2402254145
      1.2444997848    1.2450332024    1.2445006721
      1.2487742383    1.2493093868    1.2487751277
      1.2530478717    1.2535847479    1.2530487632
      1.2573206663    1.2578592666    1.2573215598
      1.2615926021    1.2621329229    1.2615934976
      1.2658636577    1.2664056952    1.2658645550
      1.2701338093    1.2706775595    1.2701347085
      1.2744030300    1.2749484882    1.2744039309
      1.2786712877    1.2792184488    1.2786721902
      1.2829385430    1.2834874008    1.2829394469
      1.2872047452    1.2877552921    1.2872056501
      1.2914698267    1.2920220530    1.2914707322
      1.2957336943    1.2962875872    1.2957345998
      1.2999962163    1.3005517578    1.2999971206
      1.3042572019    1.3048143668    1.3042581035
      1.3085163715    1.3090751232    1.3085172680
      1.3127733101    1.3133335948    1.3127741977
      1.3170273973    1.3175891347    1.3170282705
      1.3212777007    1.3218407705    1.3212785508
      1.3255228134    1.3260870337    1.3255236273
      1.3297606079    1.3303257031    1.3297613651
      1.3339878602    1.3345534116    1.3339885298
      1.3381996802    1.3387650501    1.3382002144
      1.3423886433    1.3429528598    1.3423889691
      1.3465434720    1.3471050524    1.3465434772
      1.3506470303    1.3512037117    1.3506465430
      1.3546732779    1.3552216064    1.3546720346
      1.3585826454    1.3591173494    1.3585802425
      1.3623150233    1.3628280599    1.3623108431
      1.3657791420    1.3662582460    1.3657722395
      1.3688365029    1.3692629789    1.3688254322
      1.3712769151    1.3716221867    1.3712594528
      1.3727805706    1.3730017802    1.3727537304
      1.3728855257    1.3729244237    1.3728454003
      1.3709371850    1.3707006032    1.3708763717
      1.3659241536    1.3652798859    1.3658338251
      1.3564310368    1.3551983536    1.3563009611
      1.3405525413    1.3384955936    1.3403712845
      1.3158703870    1.3127109395    1.3156306865
      1.2796532303    1.2751193256    1.2793604738
      1.2294643522    1.2233946234    1.2291484289
      1.1643082036    1.1567974648    1.1640290604
      1.0860255585    1.0775262141    1.0858571149
      0.9999651586    0.9912281746    0.9999580044
      0.9139435586    0.9057850201    0.9140945144
      0.8357303178    0.8287625127    0.8359863103
      0.7706038307    0.7650965134    0.7708946310
      0.7203991814    0.7163147484    0.7206698279
      0.6841558469    0.6812786608    0.6843789213
      0.6594570306    0.6575176591    0.6596272922
      0.6435706963    0.6423198225    0.6436944692
      0.6340726816    0.6333093777    0.6341599235
      0.6290544577    0.6286287329    0.6291147082
      0.6271077604    0.6269109505    0.6271486835
      0.6272275727    0.6271846175    0.6272552263
      0.6287289957    0.6287912666    0.6287479868
      0.6311641617    0.6312972702    0.6311770040
      0.6342195311    0.6344000473    0.6342281854
      0.6376831804    0.6378956074    0.6376890741
      0.6414155348    0.6416496544    0.6414196018
      0.6453249812    0.6455740601    0.6453278393
      0.6493513171    0.6496109121    0.6493533752
      0.6534549485    0.6537221278    0.6534564777
      0.6576098313    0.6578826606    0.6576110112
      0.6617988323    0.6620760351    0.6617997818
      0.6660106777    0.6662914120    0.6660114757
      0.6702379466    0.6705216568    0.6702386453
      0.6744757515    0.6747620708    0.6744763855
      0.6787208706    0.6790095570    0.6787214628
      0.6829711775    0.6832620712    0.6829717432
      0.6872252664    0.6875182620    0.6872258155
      0.6914822054    0.6917772332    0.6914827447
      0.6957413746    0.6960383886    0.6957419086
      0.7000023594    0.7003013292    0.7000028909
      0.7042648802    0.7045657856    0.7042654111
      0.7085287465    0.7088315743    0.7085292782
      0.7127938266    0.7130985678    0.7127943598
      0.7170600272    0.7173666760    0.7170605627
      0.7213272810    0.7216358333    0.7213278189
      0.7255955371    0.7259059904    0.7255960779
      0.7298647563    0.7301771086    0.7298653000
      0.7341349064    0.7344491566    0.7341354531
      0.7384059605    0.7387221076    0.7384065103
      0.7426778948    0.7429959381    0.7426784478
      0.7469506879    0.7472706269    0.7469512441
      0.7512243200    0.7515461542    0.7512248794
      0.7554987721    0.7558225011    0.7554993348
      0.7597740263    0.7600996498    0.7597745922
      0.7640500650    0.7643775826    0.7640506341
      0.7683268711    0.7686562825    0.7683274435
      0.7726044280    0.7729357329    0.7726050036
      0.7768827191    0.7772159170    0.7768832979
      0.7811617281    0.7814968188    0.7811623101
      0.7854414390    0.7857784221    0.7854420242
      0.7897218358    0.7900607109    0.7897224243
      0.7940029028    0.7943436695    0.7940034946
      0.7982846245    0.7986272823    0.7982852194
      0.8025669852    0.8029115339    0.8025675834
      0.8068499698    0.8071964087    0.8068505712
      0.8111335629    0.8114818917    0.8111341675
      0.8154177495    0.8157679677    0.8154183573
      0.8197025146    0.8200546217    0.8197031256
      0.8239878433    0.8243418388    0.8239884575
      0.8282737209    0.8286296042    0.8282743382
      0.8325601326    0.8329179032    0.8325607531
      0.8368470640    0.8372067214    0.8368476877
      0.8411345005    0.8414960441    0.8411351274
      0.8454224278    0.8457858570    0.8454230579
      0.8497108316    0.8500761458    0.8497114648
      0.8539996977    0.8543668963    0.8540003341
      0.8582890120    0.8586580943    0.8582896516
      0.8625787605    0.8629497259    0.8625794032
      0.8668689292    0.8672417769    0.8668695750
      0.8711595042    0.8715342337    0.8711601532
      0.8754504718    0.8758270822    0.8754511239
      0.8797418182    0.8801203089    0.8797424734
      0.8840335297    0.8844138999    0.8840341880
      0.8883255927    0.8887078417    0.8883262542
      0.8926179938    0.8930021207    0.8926186583
      0.8969107193    0.8972967235    0.8969113870
      0.9012037560    0.9015916365    0.9012044268
      0.9054970905    0.9058868465    0.9054977643
      0.9097907093    0.9101823401    0.9097913863
      0.9140845993    0.9144781039    0.9140852794
      0.9183787473    0.9187741248    0.9183794304
      0.9226731401    0.9230703896    0.9226738262
      0.9269677645    0.9273668851    0.9269684537
      0.9312626074    0.9316635982    0.9312632997
      0.9355576559    0.9359605159    0.9355583513
      0.9398528969    0.9402576251    0.9398535953
      0.9441483174    0.9445549128    0.9441490188
      0.9484439045    0.9488523661    0.9484446089
      0.9527396452    0.9531499719    0.9527403527
      0.9570355267    0.9574477175    0.9570362371
      0.9613315360    0.9617455898    0.9613322495
      0.9656276604    0.9660435761    0.9656283769
      0.9699238870    0.9703416635    0.9699246064
      0.9742202029    0.9746398391    0.9742209254
      0.9785165955    0.9789380902    0.9785173209
      0.9828130519    0.9832364039    0.9828137803
      0.9871095593    0.9875347674    0.9871102906
      0.9914061049    0.9918331679    0.9914068392
      0.9957026761    0.9961315928    0.9957034134
      0.9999992601    1.0004300291    1.0000000003
      0.9999980743    0.9957843960    0.9999931234
      0.9582348552    0.9541564069    0.9582697020
      0.9184375857    0.9146703735    0.9185054373
      0.8822360447    0.8789047750    0.8823257667
      0.8507086134    0.8478771046    0.8508080917
      0.8243281115    0.8220049633    0.8244270312
      0.8030472742    0.8012006202    0.8031385105
      0.7864572450    0.7850316014    0.7865369431
      0.7739532135    0.7728837127    0.7740201071
      0.7648671204    0.7640893167    0.7649216349
      0.7585550026    0.7580104547    0.7585984719
      0.7544439587    0.7540826531    0.7544780698
      0.7520501902    0.7518309470    0.7520766382
      0.7509791229    0.7508688961    0.7509994455
      0.7509166628    0.7508895509    0.7509322153
      0.7516189120    0.7516551557    0.7516308103
      0.7528998693    0.7529841569    0.7529089271
      0.7546160560    0.7547366451    0.7546229374
      0.7566580448    0.7568060537    0.7566632806
      0.7589433938    0.7591121412    0.7589473895
      0.7614103031    0.7615947776    0.7614133667
      0.7640125553    0.7642090037    0.7640149192
      0.7667156410    0.7669212568    0.7667174806
      0.7694938254    0.7697065118    0.7694952726
      0.7723279355    0.7725461274    0.7723290892
      0.7752036969    0.7754262266    0.7752046313
      0.7781104878    0.7783364844    0.7781112584
      0.7810404067    0.7812692211    0.7810410551
      0.7839875775    0.7842187257    0.7839881350
      0.7869476307    0.7871807521    0.7869481204
      0.7899173173    0.7901521430    0.7899177566
      0.7928942212    0.7931305509    0.7928946232
      0.7958765460    0.7961142304    0.7958769202
      0.7988629552    0.7991018832    0.7988633091
      0.8018524548    0.8020925434    0.8018527938
      0.8048443050    0.8050854922    0.8048446330
      0.8078379548    0.8080801947    0.8078382750
      0.8108329938    0.8110762520    0.8108333084
      0.8138291161    0.8140733669    0.8138294268
      0.8168260933    0.8170713176    0.8168264013
      0.8198237546    0.8200699380    0.8198240609
      0.8228219721    0.8230691040    0.8228222774
      0.8258206499    0.8260687223    0.8258209548
      0.8288197158    0.8290687226    0.8288200205
      0.8318191150    0.8320690518    0.8318194200
      0.8348188061    0.8350696694    0.8348191115
      0.8378187572    0.8380705444    0.8378190632
      0.8408189438    0.8410716531    0.8408192505
      0.8438193468    0.8440729766    0.8438196543
      0.8468199510    0.8470745002    0.8468202594
      0.8498207444    0.8500762120    0.8498210537
      0.8528217169    0.8530781023    0.8528220273
      0.8558228605    0.8560801630    0.8558231718
      0.8588241681    0.8590823873    0.8588244804
      0.8618256336    0.8620847691    0.8618259469
      0.8648272516    0.8650873031    0.8648275660
      0.8678290173    0.8680899845    0.8678293328
      0.8708309263    0.8710928089    0.8708312428
      0.8738329743    0.8740957721    0.8738332918
      0.8768351573    0.8770988701    0.8768354760
      0.8798374717    0.8801020991    0.8798377914
      0.8828399137    0.8831054556    0.8828402344
      0.8858424797    0.8861089360    0.8858428015
      0.8888451663    0.8891125367    0.8888454892
      0.8918479701    0.8921162544    0.8918482941
      0.8948508876    0.8951200856    0.8948512127
      0.8978539156    0.8981240271    0.8978542417
      0.9008570506    0.9011280754    0.9008573778
      0.9038602895    0.9041322273    0.9038606177
      0.9068636288    0.9071364796    0.9068639581
      0.9098670655    0.9101408289    0.9098673958
      0.9128705961    0.9131452720    0.9128709276
      0.9158742176    0.9161498058    0.9158745501
      0.9188779267    0.9191544269    0.9188782603
      0.9218817202    0.9221591321    0.9218820548
      0.9248855948    0.9251639184    0.9248859305
      0.9278895475    0.9281687824    0.9278898842
      0.9308935750    0.9311737210    0.9308939128
      0.9338976742    0.9341787311    0.9338980130
      0.9369018418    0.9371838094    0.9369021817
      0.9399060748    0.9401889528    0.9399064157
      0.9429103700    0.9431941581    0.9429107120
      0.9459147242    0.9461994223    0.9459150672
      0.9489191343    0.9492047421    0.9489194784
      0.9519235972    0.9522101144    0.9519239423
      0.9549281097    0.9552155361    0.9549284559
      0.9579326688    0.9582210041    0.9579330160
      0.9609372712    0.9612265152    0.9609376195
      0.9639419140    0.9642320663    0.9639422633
      0.9669465939    0.9672376543    0.9669469442
      0.9699513078    0.9702432761    0.9699516592
      0.9729560527    0.9732489286    0.9729564052
      0.9759608255    0.9762546087    0.9759611790
      0.9789656230    0.9792603132    0.9789659775
      0.9819704422    0.9822660391    0.9819707977
      0.9849752799    0.9852717833    0.9849756365
      0.9879801331    0.9882775426    0.9879804907
      0.9909849986    0.9912833140    0.9909853572
      0.9939898734    0.9942890943    0.9939902331
      0.9969947544    0.9972948806    0.9969951151
      0.9999996385    1.0003006696    1.0000000003
      1.0030045226    1.0033064583    1.0030048854
      1.0060094036    1.0063122437    1.0060097674
      1.0090142785    1.0093180225    1.0090146433
      1.0120191440    1.0123237917    1.0120195098
      1.0150239972    1.0153295483    1.0150243641
      1.0180288350    1.0183352890    1.0180292028
      1.0210336542    1.0213410109    1.0210340230
      1.0240384517    1.0243467108    1.0240388216
      1.0270432245    1.0273523856    1.0270435954
      1.0300479695    1.0303580322    1.0300483414
      1.0330526835    1.0333636475    1.0330530564
      1.0360573634    1.0363692284    1.0360577373
      1.0390620062    1.0393747717    1.0390623811
      1.0420666087    1.0423802745    1.0420669846
      1.0450711678    1.0453857335    1.0450715447
      1.0480756804    1.0483911455    1.0480760583
      1.0510801434    1.0513965076    1.0510805223
      1.0540845536    1.0544018166    1.0540849335
      1.0570889079    1.0574070692    1.0570892888
      1.0600932031    1.0604122624    1.0600935850
      1.0630974362    1.0634173931    1.0630978191
      1.0661016039    1.0664224580    1.0661019878
      1.0691057032    1.0694274540    1.0691060881
      1.0721097308    1.0724323780    1.0721101167
      1.0751136836    1.0754372267    1.0751140704
      1.0781175583    1.0784419971    1.0781179462
      1.0811213519    1.0814466858    1.0811217407
      1.0841250611    1.0844512897    1.0841254509
      1.0871286827    1.0874558056    1.0871290735
      1.0901322135    1.0904602302    1.0901326053
      1.0931356503    1.0934645604    1.0931360430
      1.0961389898    1.0964687929    1.0961393835
      1.0991422288    1.0994729243    1.0991426234
      1.1021453640    1.1024769516    1.1021457596
      1.1051483921    1.1054808713    1.1051487886
      1.1081513098    1.1084846801    1.1081517073
      1.1111541137    1.1114883747    1.1111545122
      1.1141568005    1.1144919516    1.1141571999
      1.1171593667    1.1174954075    1.1171597671
      1.1201618088    1.1204987388    1.1201622102
      1.1231641234    1.1235019420    1.1231645257
      1.1261663066    1.1265050134    1.1261667099
      1.1291683548    1.1295079491    1.1291687590
      1.1321702639    1.1325107453    1.1321706690
      1.1351720298    1.1355133976    1.1351724359
      1.1381736481    1.1385159016    1.1381740550
      1.1411751138    1.1415182524    1.1411755216
      1.1441764215    1.1445204445    1.1441768302
      1.1471775653    1.1475224718    1.1471779749
      1.1501785381    1.1505243271    1.1501789485
      1.1531793316    1.1535260022    1.1531797429
      1.1561799360    1.1565274869    1.1561803481
      1.1591803392    1.1595287688    1.1591807520
      1.1621805260    1.1625298324    1.1621809394
      1.1651804772    1.1655306582    1.1651808912
      1.1681801684    1.1685312210    1.1681805828
      1.1711795677    1.1715314881    1.1711799824
      1.1741786336    1.1745314169    1.1741790483
      1.1771773114    1.1775309513    1.1771777259
      1.1801755288    1.1805300168    1.1801759426
      1.1831731898    1.1835285147    1.1831736024
      1.1861701666    1.1865263135    1.1861705772
      1.1891662884    1.1895232373    1.1891666959
      1.1921613266    1.1925190509    1.1921617298
      1.1951549753    1.1955134392    1.1951553721
      1.1981468240    1.1985059793    1.1981472119
      1.2011363216    1.2014961038    1.2011366973
      1.2041227282    1.2044830500    1.2041230869
      1.2071050496    1.2074657936    1.2071053849
      1.2100819491    1.2104429572    1.2100822527
      1.2130516302    1.2134126887    1.2130518903
      1.2160116765    1.2163724975    1.2160118775
      1.2189588388    1.2193190340    1.2189589595
      1.2218887475    1.2222477928    1.2218887591
      1.2247955263    1.2251527149    1.2247953900
      1.2276712742    1.2280256529    1.2276709376
      1.2305053705    1.2308556537    1.2305047625
      1.2332835430    1.2336279986    1.2332825681
      1.2359866237    1.2363229186    1.2359851530
      1.2385888881    1.2389138830    1.2385867480
      1.2410558471    1.2413653234    1.2410528050
      1.2433413252    1.2436296233    1.2433370697
      1.2453836142    1.2456431580    1.2453777306
      1.2471004489    1.2473211272    1.2470923875
      1.2483825069    1.2485508783    1.2483715472
      1.2490852317    1.2491836638    1.2490704884
      1.2490210904    1.2490269789    1.2490014576
      1.2479490456    1.2478326961    1.2479229964
      1.2455554122    1.2452790097    1.2455212254
      1.2414450170    1.2409617546    1.2414008089
      1.2351340374    1.2343876841    1.2350778686
      1.2260498037    1.2249758495    1.2259800711
      1.2135485074    1.2120779173    1.2134645406
      1.1969618647    1.1950287097    1.1968647789
      1.1756841315    1.1732379215    1.1755778048
      1.1493047757    1.1463269048    1.1491965865
      1.1177749483    1.1142959650    1.1176756647
      1.0815676229    1.0776789579    1.0814898574
      1.0417640471    1.0376167330    1.0417192627
      0.9999980743    0.9957843960    0.9999931234
      0.9999997865    1.0002311512    1.0000000002
      1.0023102269    1.0025421262    1.0023104412
      1.0046206663    1.0048531001    1.0046208810
      1.0069311035    1.0071640717    1.0069313187
      1.0092415375    1.0094750399    1.0092417531
      1.0115519671    1.0117860036    1.0115521832
      1.0138623912    1.0140969617    1.0138626078
      1.0161728088    1.0164079132    1.0161730259
      1.0184832188    1.0187188569    1.0184834363
      1.0207936200    1.0210297918    1.0207938380
      1.0231040114    1.0233407168    1.0231042299
      1.0254143919    1.0256516307    1.0254146108
      1.0277247604    1.0279625325    1.0277249798
      1.0300351158    1.0302734210    1.0300353356
      1.0323454569    1.0325842952    1.0323456772
      1.0346557827    1.0348951540    1.0346560035
      1.0369660921    1.0372059962    1.0369663133
      1.0392763839    1.0395168207    1.0392766056
      1.0415866570    1.0418276263    1.0415868792
      1.0438969104    1.0441384121    1.0438971330
      1.0462071427    1.0464491767    1.0462073659
      1.0485173530    1.0487599191    1.0485175766
      1.0508275400    1.0510706381    1.0508277640
      1.0531377025    1.0533813325    1.0531379270
      1.0554478394    1.0556920011    1.0554480643
      1.0577579493    1.0580026426    1.0577581747
      1.0600680311    1.0603132557    1.0600682569
      1.0623780833    1.0626238392    1.0623783096
      1.0646881047    1.0649343917    1.0646883314
      1.0669980937    1.0672449116    1.0669983209
      1.0693080488    1.0695553975    1.0693082765
      1.0716179685    1.0718658477    1.0716181966
      1.0739278509    1.0741762604    1.0739280795
      1.0762376940    1.0764866336    1.0762379230
      1.0785474957    1.0787969651    1.0785477252
      1.0808572536    1.0811072526    1.0808574835
      1.0831669648    1.0834174930    1.0831671951
      1.0854766262    1.0857276833    1.0854768570
      1.0877862340    1.0880378195    1.0877864652
      1.0900957838    1.0903478972    1.0900960154
      1.0924052704    1.0926579111    1.0924055023
      1.0947146873    1.0949678546    1.0947149195
      1.0970240269    1.0972777200    1.0970242595
      1.0993332800    1.0995874978    1.0993335128
      1.1016424349    1.1018971761    1.1016426679
      1.1039514775    1.1042067407    1.1039517108
      1.1062603905    1.1065161737    1.1062606239
      1.1085691522    1.1088254529    1.1085693855
      1.1108777355    1.1111345509    1.1108779688
      1.1131861069    1.1134434333    1.1131863399
      1.1154942245    1.1157520572    1.1154944571
      1.1178020359    1.1180603691    1.1178022678
      1.1201094753    1.1203683019    1.1201097063
      1.1224164606    1.1226757714    1.1224166903
      1.1247228887    1.1249826723    1.1247231165
      1.1270286301    1.1272888722    1.1270288555
      1.1293335225    1.1295942050    1.1293337448
      1.1316373620    1.1318984623    1.1316375802
      1.1339398925    1.1342013818    1.1339401054
      1.1362407920    1.1365026346    1.1362409981
      1.1385396563    1.1388018066    1.1385398537
      1.1408359769    1.1410983780    1.1408361632
      1.1431291151    1.1433916950    1.1431292872
      1.1454182676    1.1456809356    1.1454184217
      1.1477024248    1.1479650666    1.1477025560
      1.1499803172    1.1502427889    1.1499804195
      1.1522503493    1.1525124692    1.1522504147
      1.1545105149    1.1547720546    1.1545105338
      1.1567582929    1.1570189641    1.1567582528
      1.1589905144    1.1592499541    1.1589903997
      1.1612031976    1.1614609487    1.1612029887
      1.1633913409    1.1636468278    1.1633910129
      1.1655486629    1.1658011612    1.1655481846
      1.1676672791    1.1679158775    1.1676666113
      1.1697372983    1.1699808513    1.1697363916
      1.1717463202    1.1719833890    1.1717451127
      1.1736788137    1.1739075932    1.1736772280
      1.1755153487    1.1757335769    1.1755132879
      1.1772316523    1.1774365003    1.1772289963
      1.1787974584    1.1789853955    1.1787940583
      1.1801751159    1.1803417474    1.1801707881
      1.1813179252    1.1814578010    1.1813124452
      1.1821681847    1.1822745773    1.1821612815
      1.1826549704    1.1827196347    1.1826463233
      1.1826918158    1.1827047485    1.1826810517
      1.1821742696    1.1821233849    1.1821609439
      1.1809766935    1.1808475229    1.1809603074
      1.1789498048    1.1787253570    1.1789298343
      1.1759197164    1.1755804494    1.1758956376
      1.1716883714    1.1712123959    1.1716597144
      1.1660366238    1.1654002892    1.1660030590
      1.1587314920    1.1579105103    1.1586929478
      1.1495390884    1.1485103399    1.1494958963
      1.1382444930    1.1369885958    1.1381975451
      1.1246790188    1.1231835948    1.1246299003
      1.1087536267    1.1070169552    1.1087046712
      1.0904946805    1.0885291277    1.0904488838
      1.0700752655    1.0679096111    1.0700360118
      1.0478330828    1.0455128004    1.0478036854
      1.0242661059    1.0218509421    1.0242492434
      1.0000009733    0.9975598199    0.9999981691
      0.9757361701    0.9733400545    0.9757474813
      0.9521700209    0.9498846774    0.9521940436
      0.9299287787    0.9278084040    0.9299629633
      0.9095100204    0.9075933865    0.9095511840
      0.8912512209    0.8895605446    0.8912960935
      0.8753254615    0.8738676746    0.8753711265
      0.8617592587    0.8605288550    0.8618034163
      0.8504637749    0.8494463182    0.8505048278
      0.8412704930    0.8404460419    0.8413075000
      0.8339645981    0.8333105957    0.8339971535
      0.8283122459    0.8278056917    0.8283403358
      0.8240804578    0.8236993708    0.8241043249
      0.8210500766    0.8207743612    0.8210701103
      0.8190230550    0.8188349146    0.8190397095
      0.8178255622    0.8177096007    0.8178393021
      0.8173082982    0.8172514408    0.8173195693
      0.8173452898    0.8173366214    0.8173545039
      0.8178319171    0.8178624135    0.8178394277
      0.8186819507    0.8187441734    0.8186880562
      0.8198245952    0.8199124589    0.8198295511
      0.8212021525    0.8213107131    0.8212061738
      0.8227679018    0.8228931615    0.8227711666
      0.8244841753    0.8246229119    0.8244868295
      0.8263206964    0.8264703192    0.8263228588
      0.8282531856    0.8284116161    0.8282549530
      0.8302622089    0.8304277814    0.8302636591
      0.8323322324    0.8325036143    0.8323334284
      0.8344508545    0.8346269804    0.8344518470
      0.8366081828    0.8367882016    0.8366090126
      0.8387963324    0.8389795646    0.8387970320
      0.8410090217    0.8411949250    0.8410096173
      0.8432412487    0.8434293906    0.8432417613
      0.8454890316    0.8456790673    0.8454894779
      0.8477492017    0.8479408560    0.8477495951
      0.8500192375    0.8502122914    0.8500195888
      0.8522971332    0.8524914119    0.8522974510
      0.8545812932    0.8547766574    0.8545815843
      0.8568704480    0.8570667869    0.8568707179
      0.8591635882    0.8593608132    0.8591638412
      0.8614599105    0.8616579512    0.8614601502
      0.8637587762    0.8639575763    0.8637590053
      0.8660596769    0.8662591918    0.8660598977
      0.8683622083    0.8685624022    0.8683624225
      0.8706660485    0.8708668931    0.8706662576
      0.8729709416    0.8731724141    0.8729711467
      0.8752766835    0.8754787660    0.8752768855
      0.8775831120    0.8777857899    0.8775833116
      0.8798900976    0.8800933595    0.8798902954
      0.8821975373    0.8824013740    0.8821977338
      0.8845053489    0.8847097530    0.8845055444
      0.8868134667    0.8870184324    0.8868136615
      0.8891218382    0.8893273609    0.8891220326
      0.8914304216    0.8916364975    0.8914306158
      0.8937391833    0.8939458094    0.8937393773
      0.8960480963    0.8962552703    0.8960482904
      0.8983571391    0.8985648589    0.8983573332
      0.9006662940    0.9008745581    0.9006664883
      0.9029755470    0.9031843542    0.9029757415
      0.9052848866    0.9054942359    0.9052850815
      0.9075943035    0.9078041940    0.9075944987
      0.9099037900    0.9101142211    0.9099039856
      0.9122133398    0.9124243109    0.9122135357
      0.9145229476    0.9147344582    0.9145231439
      0.9168326089    0.9170446588    0.9168328057
      0.9191423201    0.9193549089    0.9191425173
      0.9214520780    0.9216652053    0.9214522756
      0.9237618796    0.9239755454    0.9237620778
      0.9260717227    0.9262859266    0.9260719213
      0.9283816051    0.9285963469    0.9283818041
      0.9306915247    0.9309068044    0.9306917242
      0.9330014798    0.9332172972    0.9330016798
      0.9353114688    0.9355278237    0.9353116692
      0.9376214901    0.9378383825    0.9376216910
      0.9399315423    0.9401489720    0.9399317437
      0.9422416240    0.9424595910    0.9422418259
      0.9445517340    0.9447702380    0.9445519363
      0.9468618708    0.9470809118    0.9468620736
      0.9491720333    0.9493916112    0.9491722366
      0.9514822202    0.9517023349    0.9514824240
      0.9537924305    0.9540130819    0.9537926347
      0.9561026628    0.9563238508    0.9561028675
      0.9584129161    0.9586346406    0.9584131213
      0.9607231892    0.9609454502    0.9607233949
      0.9630334810    0.9632562783    0.9630336872
      0.9653437904    0.9655671238    0.9653439970
      0.9676541162    0.9678779858    0.9676543233
      0.9699644573    0.9701888629    0.9699646649
      0.9722748126    0.9724997542    0.9722750207
      0.9745851811    0.9748106585    0.9745853896
      0.9768955616    0.9771215747    0.9768957706
      0.9792059530    0.9794325017    0.9792061625
      0.9815163542    0.9817434385    0.9815165642
      0.9838267642    0.9840543838    0.9838269746
      0.9861371817    0.9863653368    0.9861373927
      0.9884476059    0.9886762961    0.9884478173
      0.9907580354    0.9909872608    0.9907582473
      0.9930684694    0.9932982297    0.9930686817
      0.9953789066    0.9956092018    0.9953791194
      0.9976893460    0.9979201760    0.9976895593
      0.9999997865    1.0002311512    1.0000000002
