      0.0000000000    0.0000000000    1.0000000000
      0.0000000000    0.0050000000    1.0314094674
      0.0000000000    0.0100000000    1.0627879374
      0.0000000000    0.0150000000    1.0941044433
      0.0000000000    0.0200000000    1.1253280795
      0.0000000000    0.0250000000    1.1564280320
      0.0000000000    0.0300000000    1.1873736089
      0.0000000000    0.0350000000    1.2181342707
      0.0000000000    0.0400000000    1.2486796603
      0.0000000000    0.0450000000    1.2789796331
      0.0000000000    0.0500000000    1.3090042867
      0.0000000000    0.0550000000    1.3387239904
      0.0000000000    0.0600000000    1.3681094144
      0.0000000000    0.0650000000    1.3971315588
      0.0000000000    0.0700000000    1.4257617823
      0.0000000000    0.0750000000    1.4539718304
      0.0000000000    0.0800000000    1.4817338630
      0.0000000000    0.0850000000    1.5090204825
      0.0000000000    0.0900000000    1.5358047603
      0.0000000000    0.0950000000    1.5620602634
      0.0000000000    0.1000000000    1.5877610809
      0.0000000000    0.1050000000    1.6128818492
      0.0000000000    0.1100000000    1.6373977771
      0.0000000000    0.1150000000    1.6612846703
      0.0000000000    0.1200000000    1.6845189554
      0.0000000000    0.1250000000    1.7070777029
      0.0000000000    0.1300000000    1.7289386502
      0.0000000000    0.1350000000    1.7500802229
      0.0000000000    0.1400000000    1.7704815571
      0.0000000000    0.1450000000    1.7901225190
      0.0000000000    0.1500000000    1.8089837253
      0.0000000000    0.1550000000    1.8270465624
      0.0000000000    0.1600000000    1.8442932043
      0.0000000000    0.1650000000    1.8607066308
      0.0000000000    0.1700000000    1.8762706438
      0.0000000000    0.1750000000    1.8909698835
      0.0000000000    0.1800000000    1.9047898434
      0.0000000000    0.1850000000    1.9177168850
      0.0000000000    0.1900000000    1.9297382508
      0.0000000000    0.1950000000    1.9408420773
      0.0000000000    0.2000000000    1.9510174061
      0.0000000000    0.2050000000    1.9602541957
      0.0000000000    0.2100000000    1.9685433302
      0.0000000000    0.2150000000    1.9758766295
      0.0000000000    0.2200000000    1.9822468563
      0.0000000000    0.2250000000    1.9876477240
      0.0000000000    0.2300000000    1.9920739027
      0.0000000000    0.2350000000    1.9955210243
      0.0000000000    0.2400000000    1.9979856867
      0.0000000000    0.2450000000    1.9994654578
      0.0000000000    0.2500000000    1.9999588772
      0.0000000000    0.2550000000    1.9994654578
      0.0000000000    0.2600000000    1.9979856867
      0.0000000000    0.2650000000    1.9955210243
      0.0000000000    0.2700000000    1.9920739027
      0.0000000000    0.2750000000    1.9876477240
      0.0000000000    0.2800000000    1.9822468563
      0.0000000000    0.2850000000    1.9758766295
      0.0000000000    0.2900000000    1.9685433302
      0.0000000000    0.2950000000    1.9602541957
      0.0000000000    0.3000000000    1.9510174061
      0.0000000000    0.3050000000    1.9408420773
      0.0000000000    0.3100000000    1.9297382508
      0.0000000000    0.3150000000    1.9177168850
      0.0000000000    0.3200000000    1.9047898434
      0.0000000000    0.3250000000    1.8909698835
      0.0000000000    0.3300000000    1.8762706438
      0.0000000000    0.3350000000    1.8607066308
      0.0000000000    0.3400000000    1.8442932043
      0.0000000000    0.3450000000    1.8270465624
      0.0000000000    0.3500000000    1.8089837253
      0.0000000000    0.3550000000    1.7901225190
      0.0000000000    0.3600000000    1.7704815571
      0.0000000000    0.3650000000    1.7500802229
      0.0000000000    0.3700000000    1.7289386502
      0.0000000000    0.3750000000    1.7070777029
      0.0000000000    0.3800000000    1.6845189554
      0.0000000000    0.3850000000    1.6612846703
      0.0000000000    0.3900000000    1.6373977771
      0.0000000000    0.3950000000    1.6128818492
      0.0000000000    0.4000000000    1.5877610809
      0.0000000000    0.4050000000    1.5620602634
      0.0000000000    0.4100000000    1.5358047603
      0.0000000000    0.4150000000    1.5090204825
      0.0000000000    0.4200000000    1.4817338630
      0.0000000000    0.4250000000    1.4539718304
      0.0000000000    0.4300000000    1.4257617823
      0.0000000000    0.4350000000    1.3971315588
      0.0000000000    0.4400000000    1.3681094144
      0.0000000000    0.4450000000    1.3387239904
      0.0000000000    0.4500000000    1.3090042867
      0.0000000000    0.4550000000    1.2789796331
      0.0000000000    0.4600000000    1.2486796603
      0.0000000000    0.4650000000    1.2181342707
      0.0000000000    0.4700000000    1.1873736089
      0.0000000000    0.4750000000    1.1564280320
      0.0000000000    0.4800000000    1.1253280795
      0.0000000000    0.4850000000    1.0941044433
      0.0000000000    0.4900000000    1.0627879374
      0.0000000000    0.4950000000    1.0314094674
      0.0000000000    0.5000000000    1.0000000000
      0.0000000000    0.5050000000    0.9685905326
      0.0000000000    0.5100000000    0.9372120626
      0.0000000000    0.5150000000    0.9058955567
      0.0000000000    0.5200000000    0.8746719205
      0.0000000000    0.5250000000    0.8435719680
      0.0000000000    0.5300000000    0.8126263911
      0.0000000000    0.5350000000    0.7818657293
      0.0000000000    0.5400000000    0.7513203397
      0.0000000000    0.5450000000    0.7210203669
      0.0000000000    0.5500000000    0.6909957133
      0.0000000000    0.5550000000    0.6612760096
      0.0000000000    0.5600000000    0.6318905856
      0.0000000000    0.5650000000    0.6028684412
      0.0000000000    0.5700000000    0.5742382177
      0.0000000000    0.5750000000    0.5460281696
      0.0000000000    0.5800000000    0.5182661370
      0.0000000000    0.5850000000    0.4909795175
      0.0000000000    0.5900000000    0.4641952397
      0.0000000000    0.5950000000    0.4379397366
      0.0000000000    0.6000000000    0.4122389191
      0.0000000000    0.6050000000    0.3871181508
      0.0000000000    0.6100000000    0.3626022229
      0.0000000000    0.6150000000    0.3387153297
      0.0000000000    0.6200000000    0.3154810446
      0.0000000000    0.6250000000    0.2929222971
      0.0000000000    0.6300000000    0.2710613498
      0.0000000000    0.6350000000    0.2499197771
      0.0000000000    0.6400000000    0.2295184429
      0.0000000000    0.6450000000    0.2098774810
      0.0000000000    0.6500000000    0.1910162747
      0.0000000000    0.6550000000    0.1729534376
      0.0000000000    0.6600000000    0.1557067957
      0.0000000000    0.6650000000    0.1392933692
      0.0000000000    0.6700000000    0.1237293562
      0.0000000000    0.6750000000    0.1090301165
      0.0000000000    0.6800000000    0.0952101566
      0.0000000000    0.6850000000    0.0822831150
      0.0000000000    0.6900000000    0.0702617492
      0.0000000000    0.6950000000    0.0591579227
      0.0000000000    0.7000000000    0.0489825939
      0.0000000000    0.7050000000    0.0397458043
      0.0000000000    0.7100000000    0.0314566698
      0.0000000000    0.7150000000    0.0241233705
      0.0000000000    0.7200000000    0.0177531437
      0.0000000000    0.7250000000    0.0123522760
      0.0000000000    0.7300000000    0.0079260973
      0.0000000000    0.7350000000    0.0044789757
      0.0000000000    0.7400000000    0.0020143133
      0.0000000000    0.7450000000    0.0005345422
      0.0000000000    0.7500000000    0.0000411228
      0.0000000000    0.7550000000    0.0005345422
      0.0000000000    0.7600000000    0.0020143133
      0.0000000000    0.7650000000    0.0044789757
      0.0000000000    0.7700000000    0.0079260973
      0.0000000000    0.7750000000    0.0123522760
      0.0000000000    0.7800000000    0.0177531437
      0.0000000000    0.7850000000    0.0241233705
      0.0000000000    0.7900000000    0.0314566698
      0.0000000000    0.7950000000    0.0397458043
      0.0000000000    0.8000000000    0.0489825939
      0.0000000000    0.8050000000    0.0591579227
      0.0000000000    0.8100000000    0.0702617492
      0.0000000000    0.8150000000    0.0822831150
      0.0000000000    0.8200000000    0.0952101566
      0.0000000000    0.8250000000    0.1090301165
      0.0000000000    0.8300000000    0.1237293562
      0.0000000000    0.8350000000    0.1392933692
      0.0000000000    0.8400000000    0.1557067957
      0.0000000000    0.8450000000    0.1729534376
      0.0000000000    0.8500000000    0.1910162747
      0.0000000000    0.8550000000    0.2098774810
      0.0000000000    0.8600000000    0.2295184429
      0.0000000000    0.8650000000    0.2499197771
      0.0000000000    0.8700000000    0.2710613498
      0.0000000000    0.8750000000    0.2929222971
      0.0000000000    0.8800000000    0.3154810446
      0.0000000000    0.8850000000    0.3387153297
      0.0000000000    0.8900000000    0.3626022229
      0.0000000000    0.8950000000    0.3871181508
      0.0000000000    0.9000000000    0.4122389191
      0.0000000000    0.9050000000    0.4379397366
      0.0000000000    0.9100000000    0.4641952397
      0.0000000000    0.9150000000    0.4909795175
      0.0000000000    0.9200000000    0.5182661370
      0.0000000000    0.9250000000    0.5460281696
      0.0000000000    0.9300000000    0.5742382177
      0.0000000000    0.9350000000    0.6028684412
      0.0000000000    0.9400000000    0.6318905856
      0.0000000000    0.9450000000    0.6612760096
      0.0000000000    0.9500000000    0.6909957133
      0.0000000000    0.9550000000    0.7210203669
      0.0000000000    0.9600000000    0.7513203397
      0.0000000000    0.9650000000    0.7818657293
      0.0000000000    0.9700000000    0.8126263911
      0.0000000000    0.9750000000    0.8435719680
      0.0000000000    0.9800000000    0.8746719205
      0.0000000000    0.9850000000    0.9058955567
      0.0000000000    0.9900000000    0.9372120626
      0.0000000000    0.9950000000    0.9685905326
      0.0000000000    1.0000000000    1.0000000000
      0.5000000000    0.0000000000    0.9994528479
      0.5000000000    0.0050000000    0.7530305551
      0.5000000000    0.0100000000    0.5618152648
      0.5000000000    0.0150000000    0.4417054310
      0.5000000000    0.0200000000    0.3767416727
      0.5000000000    0.0250000000    0.3453149993
      0.5000000000    0.0300000000    0.3323656770
      0.5000000000    0.0350000000    0.3290312325
      0.5000000000    0.0400000000    0.3305967473
      0.5000000000    0.0450000000    0.3347449313
      0.5000000000    0.0500000000    0.3402712932
      0.5000000000    0.0550000000    0.3464885998
      0.5000000000    0.0600000000    0.3530529400
      0.5000000000    0.0650000000    0.3597989053
      0.5000000000    0.0700000000    0.3666455303
      0.5000000000    0.0750000000    0.3735522168
      0.5000000000    0.0800000000    0.3804983199
      0.5000000000    0.0850000000    0.3874731954
      0.5000000000    0.0900000000    0.3944712249
      0.5000000000    0.0950000000    0.4014893227
      0.5000000000    0.1000000000    0.4085256864
      0.5000000000    0.1050000000    0.4155791683
      0.5000000000    0.1100000000    0.4226489598
      0.5000000000    0.1150000000    0.4297344318
      0.5000000000    0.1200000000    0.4368350537
      0.5000000000    0.1250000000    0.4439503525
      0.5000000000    0.1300000000    0.4510798915
      0.5000000000    0.1350000000    0.4582232591
      0.5000000000    0.1400000000    0.4653800628
      0.5000000000    0.1450000000    0.4725499261
      0.5000000000    0.1500000000    0.4797324862
      0.5000000000    0.1550000000    0.4869273928
      0.5000000000    0.1600000000    0.4941343070
      0.5000000000    0.1650000000    0.5013529010
      0.5000000000    0.1700000000    0.5085828567
      0.5000000000    0.1750000000    0.5158238660
      0.5000000000    0.1800000000    0.5230756299
      0.5000000000    0.1850000000    0.5303378579
      0.5000000000    0.1900000000    0.5376102680
      0.5000000000    0.1950000000    0.5448925858
      0.5000000000    0.2000000000    0.5521845446
      0.5000000000    0.2050000000    0.5594858848
      0.5000000000    0.2100000000    0.5667963538
      0.5000000000    0.2150000000    0.5741157052
      0.5000000000    0.2200000000    0.5814436990
      0.5000000000    0.2250000000    0.5887801012
      0.5000000000    0.2300000000    0.5961246836
      0.5000000000    0.2350000000    0.6034772230
      0.5000000000    0.2400000000    0.6108375020
      0.5000000000    0.2450000000    0.6182053077
      0.5000000000    0.2500000000    0.6255804322
      0.5000000000    0.2550000000    0.6329626721
      0.5000000000    0.2600000000    0.6403518284
      0.5000000000    0.2650000000    0.6477477064
      0.5000000000    0.2700000000    0.6551501152
      0.5000000000    0.2750000000    0.6625588678
      0.5000000000    0.2800000000    0.6699737810
      0.5000000000    0.2850000000    0.6773946750
      0.5000000000    0.2900000000    0.6848213734
      0.5000000000    0.2950000000    0.6922537032
      0.5000000000    0.3000000000    0.6996914943
      0.5000000000    0.3050000000    0.7071345797
      0.5000000000    0.3100000000    0.7145827951
      0.5000000000    0.3150000000    0.7220359792
      0.5000000000    0.3200000000    0.7294939730
      0.5000000000    0.3250000000    0.7369566203
      0.5000000000    0.3300000000    0.7444237672
      0.5000000000    0.3350000000    0.7518952619
      0.5000000000    0.3400000000    0.7593709551
      0.5000000000    0.3450000000    0.7668506994
      0.5000000000    0.3500000000    0.7743343495
      0.5000000000    0.3550000000    0.7818217621
      0.5000000000    0.3600000000    0.7893127956
      0.5000000000    0.3650000000    0.7968073101
      0.5000000000    0.3700000000    0.8043051676
      0.5000000000    0.3750000000    0.8118062316
      0.5000000000    0.3800000000    0.8193103669
      0.5000000000    0.3850000000    0.8268174401
      0.5000000000    0.3900000000    0.8343273189
      0.5000000000    0.3950000000    0.8418398725
      0.5000000000    0.4000000000    0.8493549711
      0.5000000000    0.4050000000    0.8568724863
      0.5000000000    0.4100000000    0.8643922908
      0.5000000000    0.4150000000    0.8719142580
      0.5000000000    0.4200000000    0.8794382627
      0.5000000000    0.4250000000    0.8869641804
      0.5000000000    0.4300000000    0.8944918875
      0.5000000000    0.4350000000    0.9020212611
      0.5000000000    0.4400000000    0.9095521792
      0.5000000000    0.4450000000    0.9170845205
      0.5000000000    0.4500000000    0.9246181640
      0.5000000000    0.4550000000    0.9321529898
      0.5000000000    0.4600000000    0.9396888779
      0.5000000000    0.4650000000    0.9472257094
      0.5000000000    0.4700000000    0.9547633653
      0.5000000000    0.4750000000    0.9623017272
      0.5000000000    0.4800000000    0.9698406770
      0.5000000000    0.4850000000    0.9773800968
      0.5000000000    0.4900000000    0.9849198689
      0.5000000000    0.4950000000    0.9924598759
      0.5000000000    0.5000000000    1.0000000002
      0.5000000000    0.5050000000    1.0075401245
      0.5000000000    0.5100000000    1.0150801315
      0.5000000000    0.5150000000    1.0226199037
      0.5000000000    0.5200000000    1.0301593235
      0.5000000000    0.5250000000    1.0376982734
      0.5000000000    0.5300000000    1.0452366354
      0.5000000000    0.5350000000    1.0527742915
      0.5000000000    0.5400000000    1.0603111231
      0.5000000000    0.5450000000    1.0678470114
      0.5000000000    0.5500000000    1.0753818373
      0.5000000000    0.5550000000    1.0829154811
      0.5000000000    0.5600000000    1.0904478226
      0.5000000000    0.5650000000    1.0979787409
      0.5000000000    0.5700000000    1.1055081148
      0.5000000000    0.5750000000    1.1130358222
      0.5000000000    0.5800000000    1.1205617402
      0.5000000000    0.5850000000    1.1280857452
      0.5000000000    0.5900000000    1.1356077129
      0.5000000000    0.5950000000    1.1431275176
      0.5000000000    0.6000000000    1.1506450333
      0.5000000000    0.6050000000    1.1581601323
      0.5000000000    0.6100000000    1.1656726863
      0.5000000000    0.6150000000    1.1731825656
      0.5000000000    0.6200000000    1.1806896392
      0.5000000000    0.6250000000    1.1881937751
      0.5000000000    0.6300000000    1.1956948395
      0.5000000000    0.6350000000    1.2031926976
      0.5000000000    0.6400000000    1.2106872127
      0.5000000000    0.6450000000    1.2181782467
      0.5000000000    0.6500000000    1.2256656599
      0.5000000000    0.6550000000    1.2331493107
      0.5000000000    0.6600000000    1.2406290556
      0.5000000000    0.6650000000    1.2481047495
      0.5000000000    0.6700000000    1.2555762449
      0.5000000000    0.6750000000    1.2630433924
      0.5000000000    0.6800000000    1.2705060404
      0.5000000000    0.6850000000    1.2779640350
      0.5000000000    0.6900000000    1.2854172199
      0.5000000000    0.6950000000    1.2928654361
      0.5000000000    0.7000000000    1.3003085222
      0.5000000000    0.7050000000    1.3077463142
      0.5000000000    0.7100000000    1.3151786448
      0.5000000000    0.7150000000    1.3226053441
      0.5000000000    0.7200000000    1.3300262390
      0.5000000000    0.7250000000    1.3374411531
      0.5000000000    0.7300000000    1.3448499067
      0.5000000000    0.7350000000    1.3522523164
      0.5000000000    0.7400000000    1.3596481954
      0.5000000000    0.7450000000    1.3670373527
      0.5000000000    0.7500000000    1.3744195937
      0.5000000000    0.7550000000    1.3817947192
      0.5000000000    0.7600000000    1.3891625260
      0.5000000000    0.7650000000    1.3965228061
      0.5000000000    0.7700000000    1.4038753467
      0.5000000000    0.7750000000    1.4112199301
      0.5000000000    0.7800000000    1.4185563335
      0.5000000000    0.7850000000    1.4258843286
      0.5000000000    0.7900000000    1.4332036812
      0.5000000000    0.7950000000    1.4405141514
      0.5000000000    0.8000000000    1.4478154929
      0.5000000000    0.8050000000    1.4551074530
      0.5000000000    0.8100000000    1.4623897722
      0.5000000000    0.8150000000    1.4696621836
      0.5000000000    0.8200000000    1.4769244130
      0.5000000000    0.8250000000    1.4841761783
      0.5000000000    0.8300000000    1.4914171891
      0.5000000000    0.8350000000    1.4986471463
      0.5000000000    0.8400000000    1.5058657418
      0.5000000000    0.8450000000    1.5130726576
      0.5000000000    0.8500000000    1.5202675658
      0.5000000000    0.8550000000    1.5274501276
      0.5000000000    0.8600000000    1.5346199926
      0.5000000000    0.8650000000    1.5417767982
      0.5000000000    0.8700000000    1.5489201677
      0.5000000000    0.8750000000    1.5560497088
      0.5000000000    0.8800000000    1.5631650101
      0.5000000000    0.8850000000    1.5702656348
      0.5000000000    0.8900000000    1.5773511103
      0.5000000000    0.8950000000    1.5844209063
      0.5000000000    0.9000000000    1.5914743940
      0.5000000000    0.9050000000    1.5985107650
      0.5000000000    0.9100000000    1.6055288712
      0.5000000000    0.9150000000    1.6125269070
      0.5000000000    0.9200000000    1.6195017777
      0.5000000000    0.9250000000    1.6264478410
      0.5000000000    0.9300000000    1.6333543955
      0.5000000000    0.9350000000    1.6402006620
      0.5000000000    0.9400000000    1.6469457363
      0.5000000000    0.9450000000    1.6535083688
      0.5000000000    0.9500000000    1.6597261096
      0.5000000000    0.9550000000    1.6652709840
      0.5000000000    0.9600000000    1.6694517075
      0.5000000000    0.9650000000    1.6709045458
      0.5000000000    0.9700000000    1.6674984849
      0.5000000000    0.9750000000    1.6545609130
      0.5000000000    0.9800000000    1.6232013060
      0.5000000000    0.9850000000    1.5584628176
      0.5000000000    0.9900000000    1.4389144403
      0.5000000000    0.9950000000    1.2469405917
      0.5000000000    1.0000000000    0.9994528479
      1.0000000000    0.0000000000    1.0000000003
      1.0000000000    0.0050000000    1.0042965872
      1.0000000000    0.0100000000    1.0085931613
      1.0000000000    0.0150000000    1.0128897099
      1.0000000000    0.0200000000    1.0171862203
      1.0000000000    0.0250000000    1.0214826797
      1.0000000000    0.0300000000    1.0257790752
      1.0000000000    0.0350000000    1.0300753942
      1.0000000000    0.0400000000    1.0343716238
      1.0000000000    0.0450000000    1.0386677512
      1.0000000000    0.0500000000    1.0429637636
      1.0000000000    0.0550000000    1.0472596481
      1.0000000000    0.0600000000    1.0515553919
      1.0000000000    0.0650000000    1.0558509820
      1.0000000000    0.0700000000    1.0601464056
      1.0000000000    0.0750000000    1.0644416497
      1.0000000000    0.0800000000    1.0687367013
      1.0000000000    0.0850000000    1.0730315474
      1.0000000000    0.0900000000    1.0773261749
      1.0000000000    0.0950000000    1.0816205708
      1.0000000000    0.1000000000    1.0859147219
      1.0000000000    0.1050000000    1.0902086151
      1.0000000000    0.1100000000    1.0945022371
      1.0000000000    0.1150000000    1.0987955747
      1.0000000000    0.1200000000    1.1030886146
      1.0000000000    0.1250000000    1.1073813434
      1.0000000000    0.1300000000    1.1116737477
      1.0000000000    0.1350000000    1.1159658139
      1.0000000000    0.1400000000    1.1202575287
      1.0000000000    0.1450000000    1.1245488783
      1.0000000000    0.1500000000    1.1288398491
      1.0000000000    0.1550000000    1.1331304274
      1.0000000000    0.1600000000    1.1374205993
      1.0000000000    0.1650000000    1.1417103511
      1.0000000000    0.1700000000    1.1459996687
      1.0000000000    0.1750000000    1.1502885381
      1.0000000000    0.1800000000    1.1545769452
      1.0000000000    0.1850000000    1.1588648758
      1.0000000000    0.1900000000    1.1631523156
      1.0000000000    0.1950000000    1.1674392503
      1.0000000000    0.2000000000    1.1717256654
      1.0000000000    0.2050000000    1.1760115463
      1.0000000000    0.2100000000    1.1802968784
      1.0000000000    0.2150000000    1.1845816468
      1.0000000000    0.2200000000    1.1888658368
      1.0000000000    0.2250000000    1.1931494333
      1.0000000000    0.2300000000    1.1974324212
      1.0000000000    0.2350000000    1.2017147854
      1.0000000000    0.2400000000    1.2059965104
      1.0000000000    0.2450000000    1.2102775809
      1.0000000000    0.2500000000    1.2145579811
      1.0000000000    0.2550000000    1.2188376955
      1.0000000000    0.2600000000    1.2231167079
      1.0000000000    0.2650000000    1.2273950024
      1.0000000000    0.2700000000    1.2316725627
      1.0000000000    0.2750000000    1.2359493723
      1.0000000000    0.2800000000    1.2402254145
      1.0000000000    0.2850000000    1.2445006721
      1.0000000000    0.2900000000    1.2487751277
      1.0000000000    0.2950000000    1.2530487632
      1.0000000000    0.3000000000    1.2573215598
      1.0000000000    0.3050000000    1.2615934976
      1.0000000000    0.3100000000    1.2658645550
      1.0000000000    0.3150000000    1.2701347085
      1.0000000000    0.3200000000    1.2744039309
      1.0000000000    0.3250000000    1.2786721902
      1.0000000000    0.3300000000    1.2829394469
      1.0000000000    0.3350000000    1.2872056501
      1.0000000000    0.3400000000    1.2914707322
      1.0000000000    0.3450000000    1.2957345998
      1.0000000000    0.3500000000    1.2999971206
      1.0000000000    0.3550000000    1.3042581035
      1.0000000000    0.3600000000    1.3085172680
      1.0000000000    0.3650000000    1.3127741977
      1.0000000000    0.3700000000    1.3170282705
      1.0000000000    0.3750000000    1.3212785508
      1.0000000000    0.3800000000    1.3255236273
      1.0000000000    0.3850000000    1.3297613651
      1.0000000000    0.3900000000    1.3339885298
      1.0000000000    0.3950000000    1.3382002144
      1.0000000000    0.4000000000    1.3423889691
      1.0000000000    0.4050000000    1.3465434772
      1.0000000000    0.4100000000    1.3506465430
      1.0000000000    0.4150000000    1.3546720346
      1.0000000000    0.4200000000    1.3585802425
      1.0000000000    0.4250000000    1.3623108431
      1.0000000000    0.4300000000    1.3657722395
      1.0000000000    0.4350000000    1.3688254322
      1.0000000000    0.4400000000    1.3712594528
      1.0000000000    0.4450000000    1.3727537304
      1.0000000000    0.4500000000    1.3728454003
      1.0000000000    0.4550000000    1.3708763717
      1.0000000000    0.4600000000    1.3658338251
      1.0000000000    0.4650000000    1.3563009611
      1.0000000000    0.4700000000    1.3403712845
      1.0000000000    0.4750000000    1.3156306865
      1.0000000000    0.4800000000    1.2793604738
      1.0000000000    0.4850000000    1.2291484289
      1.0000000000    0.4900000000    1.1640290604
      1.0000000000    0.4950000000    1.0858571149
      1.0000000000    0.5000000000    0.9999580044
      1.0000000000    0.5050000000    0.9140945144
      1.0000000000    0.5100000000    0.8359863103
      1.0000000000    0.5150000000    0.7708946310
      1.0000000000    0.5200000000    0.7206698279
      1.0000000000    0.5250000000    0.6843789213
      1.0000000000    0.5300000000    0.6596272922
      1.0000000000    0.5350000000    0.6436944692
      1.0000000000    0.5400000000    0.6341599235
      1.0000000000    0.5450000000    0.6291147082
      1.0000000000    0.5500000000    0.6271486835
      1.0000000000    0.5550000000    0.6272552263
      1.0000000000    0.5600000000    0.6287479868
      1.0000000000    0.5650000000    0.6311770040
      1.0000000000    0.5700000000    0.6342281854
      1.0000000000    0.5750000000    0.6376890741
      1.0000000000    0.5800000000    0.6414196018
      1.0000000000    0.5850000000    0.6453278393
      1.0000000000    0.5900000000    0.6493533752
      1.0000000000    0.5950000000    0.6534564777
      1.0000000000    0.6000000000    0.6576110112
      1.0000000000    0.6050000000    0.6617997818
      1.0000000000    0.6100000000    0.6660114757
      1.0000000000    0.6150000000    0.6702386453
      1.0000000000    0.6200000000    0.6744763855
      1.0000000000    0.6250000000    0.6787214628
      1.0000000000    0.6300000000    0.6829717432
      1.0000000000    0.6350000000    0.6872258155
      1.0000000000    0.6400000000    0.6914827447
      1.0000000000    0.6450000000    0.6957419086
      1.0000000000    0.6500000000    0.7000028909
      1.0000000000    0.6550000000    0.7042654111
      1.0000000000    0.6600000000    0.7085292782
      1.0000000000    0.6650000000    0.7127943598
      1.0000000000    0.6700000000    0.7170605627
      1.0000000000    0.6750000000    0.7213278189
      1.0000000000    0.6800000000    0.7255960779
      1.0000000000    0.6850000000    0.7298653000
      1.0000000000    0.6900000000    0.7341354531
      1.0000000000    0.6950000000    0.7384065103
      1.0000000000    0.7000000000    0.7426784478
      1.0000000000    0.7050000000    0.7469512441
      1.0000000000    0.7100000000    0.7512248794
      1.0000000000    0.7150000000    0.7554993348
      1.0000000000    0.7200000000    0.7597745922
      1.0000000000    0.7250000000    0.7640506341
      1.0000000000    0.7300000000    0.7683274435
      1.0000000000    0.7350000000    0.7726050036
      1.0000000000    0.7400000000    0.7768832979
      1.0000000000    0.7450000000    0.7811623101
      1.0000000000    0.7500000000    0.7854420242
      1.0000000000    0.7550000000    0.7897224243
      1.0000000000    0.7600000000    0.7940034946
      1.0000000000    0.7650000000    0.7982852194
      1.0000000000    0.7700000000    0.8025675834
      1.0000000000    0.7750000000    0.8068505712
      1.0000000000    0.7800000000    0.8111341675
      1.0000000000    0.7850000000    0.8154183573
      1.0000000000    0.7900000000    0.8197031256
      1.0000000000    0.7950000000    0.8239884575
      1.0000000000    0.8000000000    0.8282743382
      1.0000000000    0.8050000000    0.8325607531
      1.0000000000    0.8100000000    0.8368476877
      1.0000000000    0.8150000000    0.8411351274
      1.0000000000    0.8200000000    0.8454230579
      1.0000000000    0.8250000000    0.8497114648
      1.0000000000    0.8300000000    0.8540003341
      1.0000000000    0.8350000000    0.8582896516
      1.0000000000    0.8400000000    0.8625794032
      1.0000000000    0.8450000000    0.8668695750
      1.0000000000    0.8500000000    0.8711601532
      1.0000000000    0.8550000000    0.8754511239
      1.0000000000    0.8600000000    0.8797424734
      1.0000000000    0.8650000000    0.8840341880
      1.0000000000    0.8700000000    0.8883262542
      1.0000000000    0.8750000000    0.8926186583
      1.0000000000    0.8800000000    0.8969113870
      1.0000000000    0.8850000000    0.9012044268
      1.0000000000    0.8900000000    0.9054977643
      1.0000000000    0.8950000000    0.9097913863
      1.0000000000    0.9000000000    0.9140852794
      1.0000000000    0.9050000000    0.9183794304
      1.0000000000    0.9100000000    0.9226738262
      1.0000000000    0.9150000000    0.9269684537
      1.0000000000    0.9200000000    0.9312632997
      1.0000000000    0.9250000000    0.9355583513
      1.0000000000    0.9300000000    0.9398535953
      1.0000000000    0.9350000000    0.9441490188
      1.0000000000    0.9400000000    0.9484446089
      1.0000000000    0.9450000000    0.9527403527
      1.0000000000    0.9500000000    0.9570362371
      1.0000000000    0.9550000000    0.9613322495
      1.0000000000    0.9600000000    0.9656283769
      1.0000000000    0.9650000000    0.9699246064
      1.0000000000    0.9700000000    0.9742209254
      1.0000000000    0.9750000000    0.9785173209
      1.0000000000    0.9800000000    0.9828137803
      1.0000000000    0.9850000000    0.9871102906
      1.0000000000    0.9900000000    0.9914068392
      1.0000000000    0.9950000000    0.9957034134
      1.0000000000    1.0000000000    1.0000000003
      1.5000000000    0.0000000000    0.9999931234
      1.5000000000    0.0050000000    0.9582697020
      1.5000000000    0.0100000000    0.9185054373
      1.5000000000    0.0150000000    0.8823257667
      1.5000000000    0.0200000000    0.8508080917
      1.5000000000    0.0250000000    0.8244270312
      1.5000000000    0.0300000000    0.8031385105
      1.5000000000    0.0350000000    0.7865369431
      1.5000000000    0.0400000000    0.7740201071
      1.5000000000    0.0450000000    0.7649216349
      1.5000000000    0.0500000000    0.7585984719
      1.5000000000    0.0550000000    0.7544780698
      1.5000000000    0.0600000000    0.7520766382
      1.5000000000    0.0650000000    0.7509994455
      1.5000000000    0.0700000000    0.7509322153
      1.5000000000    0.0750000000    0.7516308103
      1.5000000000    0.0800000000    0.7529089271
      1.5000000000    0.0850000000    0.7546229374
      1.5000000000    0.0900000000    0.7566632806
      1.5000000000    0.0950000000    0.7589473895
      1.5000000000    0.1000000000    0.7614133667
      1.5000000000    0.1050000000    0.7640149192
      1.5000000000    0.1100000000    0.7667174806
      1.5000000000    0.1150000000    0.7694952726
      1.5000000000    0.1200000000    0.7723290892
      1.5000000000    0.1250000000    0.7752046313
      1.5000000000    0.1300000000    0.7781112584
      1.5000000000    0.1350000000    0.7810410551
      1.5000000000    0.1400000000    0.7839881350
      1.5000000000    0.1450000000    0.7869481204
      1.5000000000    0.1500000000    0.7899177566
      1.5000000000    0.1550000000    0.7928946232
      1.5000000000    0.1600000000    0.7958769202
      1.5000000000    0.1650000000    0.7988633091
      1.5000000000    0.1700000000    0.8018527938
      1.5000000000    0.1750000000    0.8048446330
      1.5000000000    0.1800000000    0.8078382750
      1.5000000000    0.1850000000    0.8108333084
      1.5000000000    0.1900000000    0.8138294268
      1.5000000000    0.1950000000    0.8168264013
      1.5000000000    0.2000000000    0.8198240609
      1.5000000000    0.2050000000    0.8228222774
      1.5000000000    0.2100000000    0.8258209548
      1.5000000000    0.2150000000    0.8288200205
      1.5000000000    0.2200000000    0.8318194200
      1.5000000000    0.2250000000    0.8348191115
      1.5000000000    0.2300000000    0.8378190632
      1.5000000000    0.2350000000    0.8408192505
      1.5000000000    0.2400000000    0.8438196543
      1.5000000000    0.2450000000    0.8468202594
      1.5000000000    0.2500000000    0.8498210537
      1.5000000000    0.2550000000    0.8528220273
      1.5000000000    0.2600000000    0.8558231718
      1.5000000000    0.2650000000    0.8588244804
      1.5000000000    0.2700000000    0.8618259469
      1.5000000000    0.2750000000    0.8648275660
      1.5000000000    0.2800000000    0.8678293328
      1.5000000000    0.2850000000    0.8708312428
      1.5000000000    0.2900000000    0.8738332918
      1.5000000000    0.2950000000    0.8768354760
      1.5000000000    0.3000000000    0.8798377914
      1.5000000000    0.3050000000    0.8828402344
      1.5000000000    0.3100000000    0.8858428015
      1.5000000000    0.3150000000    0.8888454892
      1.5000000000    0.3200000000    0.8918482941
      1.5000000000    0.3250000000    0.8948512127
      1.5000000000    0.3300000000    0.8978542417
      1.5000000000    0.3350000000    0.9008573778
      1.5000000000    0.3400000000    0.9038606177
      1.5000000000    0.3450000000    0.9068639581
      1.5000000000    0.3500000000    0.9098673958
      1.5000000000    0.3550000000    0.9128709276
      1.5000000000    0.3600000000    0.9158745501
      1.5000000000    0.3650000000    0.9188782603
      1.5000000000    0.3700000000    0.9218820548
      1.5000000000    0.3750000000    0.9248859305
      1.5000000000    0.3800000000    0.9278898842
      1.5000000000    0.3850000000    0.9308939128
      1.5000000000    0.3900000000    0.9338980130
      1.5000000000    0.3950000000    0.9369021817
      1.5000000000    0.4000000000    0.9399064157
      1.5000000000    0.4050000000    0.9429107120
      1.5000000000    0.4100000000    0.9459150672
      1.5000000000    0.4150000000    0.9489194784
      1.5000000000    0.4200000000    0.9519239423
      1.5000000000    0.4250000000    0.9549284559
      1.5000000000    0.4300000000    0.9579330160
      1.5000000000    0.4350000000    0.9609376195
      1.5000000000    0.4400000000    0.9639422633
      1.5000000000    0.4450000000    0.9669469442
      1.5000000000    0.4500000000    0.9699516592
      1.5000000000    0.4550000000    0.9729564052
      1.5000000000    0.4600000000    0.9759611790
      1.5000000000    0.4650000000    0.9789659775
      1.5000000000    0.4700000000    0.9819707977
      1.5000000000    0.4750000000    0.9849756365
      1.5000000000    0.4800000000    0.9879804907
      1.5000000000    0.4850000000    0.9909853572
      1.5000000000    0.4900000000    0.9939902331
      1.5000000000    0.4950000000    0.9969951151
      1.5000000000    0.5000000000    1.0000000003
      1.5000000000    0.5050000000    1.0030048854
      1.5000000000    0.5100000000    1.0060097674
      1.5000000000    0.5150000000    1.0090146433
      1.5000000000    0.5200000000    1.0120195098
      1.5000000000    0.5250000000    1.0150243641
      1.5000000000    0.5300000000    1.0180292028
      1.5000000000    0.5350000000    1.0210340230
      1.5000000000    0.5400000000    1.0240388216
      1.5000000000    0.5450000000    1.0270435954
      1.5000000000    0.5500000000    1.0300483414
      1.5000000000    0.5550000000    1.0330530564
      1.5000000000    0.5600000000    1.0360577373
      1.5000000000    0.5650000000    1.0390623811
      1.5000000000    0.5700000000    1.0420669846
      1.5000000000    0.5750000000    1.0450715447
      1.5000000000    0.5800000000    1.0480760583
      1.5000000000    0.5850000000    1.0510805223
      1.5000000000    0.5900000000    1.0540849335
      1.5000000000    0.5950000000    1.0570892888
      1.5000000000    0.6000000000    1.0600935850
      1.5000000000    0.6050000000    1.0630978191
      1.5000000000    0.6100000000    1.0661019878
      1.5000000000    0.6150000000    1.0691060881
      1.5000000000    0.6200000000    1.0721101167
      1.5000000000    0.6250000000    1.0751140704
      1.5000000000    0.6300000000    1.0781179462
      1.5000000000    0.6350000000    1.0811217407
      1.5000000000    0.6400000000    1.0841254509
      1.5000000000    0.6450000000    1.0871290735
      1.5000000000    0.6500000000    1.0901326053
      1.5000000000    0.6550000000    1.0931360430
      1.5000000000    0.6600000000    1.0961393835
      1.5000000000    0.6650000000    1.0991426234
      1.5000000000    0.6700000000    1.1021457596
      1.5000000000    0.6750000000    1.1051487886
      1.5000000000    0.6800000000    1.1081517073
      1.5000000000    0.6850000000    1.1111545122
      1.5000000000    0.6900000000    1.1141571999
      1.5000000000    0.6950000000    1.1171597671
      1.5000000000    0.7000000000    1.1201622102
      1.5000000000    0.7050000000    1.1231645257
      1.5000000000    0.7100000000    1.1261667099
      1.5000000000    0.7150000000    1.1291687590
      1.5000000000    0.7200000000    1.1321706690
      1.5000000000    0.7250000000    1.1351724359
      1.5000000000    0.7300000000    1.1381740550
      1.5000000000    0.7350000000    1.1411755216
      1.5000000000    0.7400000000    1.1441768302
      1.5000000000    0.7450000000    1.1471779749
      1.5000000000    0.7500000000    1.1501789485
      1.5000000000    0.7550000000    1.1531797429
      1.5000000000    0.7600000000    1.1561803481
      1.5000000000    0.7650000000    1.1591807520
      1.5000000000    0.7700000000    1.1621809394
      1.5000000000    0.7750000000    1.1651808912
      1.5000000000    0.7800000000    1.1681805828
      1.5000000000    0.7850000000    1.1711799824
      1.5000000000    0.7900000000    1.1741790483
      1.5000000000    0.7950000000    1.1771777259
      1.5000000000    0.8000000000    1.1801759426
      1.5000000000    0.8050000000    1.1831736024
      1.5000000000    0.8100000000    1.1861705772
      1.5000000000    0.8150000000    1.1891666959
      1.5000000000    0.8200000000    1.1921617298
      1.5000000000    0.8250000000    1.1951553721
      1.5000000000    0.8300000000    1.1981472119
      1.5000000000    0.8350000000    1.2011366973
      1.5000000000    0.8400000000    1.2041230869
      1.5000000000    0.8450000000    1.2071053849
      1.5000000000    0.8500000000    1.2100822527
      1.5000000000    0.8550000000    1.2130518903
      1.5000000000    0.8600000000    1.2160118775
      1.5000000000    0.8650000000    1.2189589595
      1.5000000000    0.8700000000    1.2218887591
      1.5000000000    0.8750000000    1.2247953900
      1.5000000000    0.8800000000    1.2276709376
      1.5000000000    0.8850000000    1.2305047625
      1.5000000000    0.8900000000    1.2332825681
      1.5000000000    0.8950000000    1.2359851530
      1.5000000000    0.9000000000    1.2385867480
      1.5000000000    0.9050000000    1.2410528050
      1.5000000000    0.9100000000    1.2433370697
      1.5000000000    0.9150000000    1.2453777306
      1.5000000000    0.9200000000    1.2470923875
      1.5000000000    0.9250000000    1.2483715472
      1.5000000000    0.9300000000    1.2490704884
      1.5000000000    0.9350000000    1.2490014576
      1.5000000000    0.9400000000    1.2479229964
      1.5000000000    0.9450000000    1.2455212254
      1.5000000000    0.9500000000    1.2414008089
      1.5000000000    0.9550000000    1.2350778686
      1.5000000000    0.9600000000    1.2259800711
      1.5000000000    0.9650000000    1.2134645406
      1.5000000000    0.9700000000    1.1968647789
      1.5000000000    0.9750000000    1.1755778048
      1.5000000000    0.9800000000    1.1491965865
      1.5000000000    0.9850000000    1.1176756647
      1.5000000000    0.9900000000    1.0814898574
      1.5000000000    0.9950000000    1.0417192627
      1.5000000000    1.0000000000    0.9999931234
      2.0000000000    0.0000000000    1.0000000002
      2.0000000000    0.0050000000    1.0023104412
      2.0000000000    0.0100000000    1.0046208810
      2.0000000000    0.0150000000    1.0069313187
      2.0000000000    0.0200000000    1.0092417531
      2.0000000000    0.0250000000    1.0115521832
      2.0000000000    0.0300000000    1.0138626078
      2.0000000000    0.0350000000    1.0161730259
      2.0000000000    0.0400000000    1.0184834363
      2.0000000000    0.0450000000    1.0207938380
      2.0000000000    0.0500000000    1.0231042299
      2.0000000000    0.0550000000    1.0254146108
      2.0000000000    0.0600000000    1.0277249798
      2.0000000000    0.0650000000    1.0300353356
      2.0000000000    0.0700000000    1.0323456772
      2.0000000000    0.0750000000    1.0346560035
      2.0000000000    0.0800000000    1.0369663133
      2.0000000000    0.0850000000    1.0392766056
      2.0000000000    0.0900000000    1.0415868792
      2.0000000000    0.0950000000    1.0438971330
      2.0000000000    0.1000000000    1.0462073659
      2.0000000000    0.1050000000    1.0485175766
      2.0000000000    0.1100000000    1.0508277640
      2.0000000000    0.1150000000    1.0531379270
      2.0000000000    0.1200000000    1.0554480643
      2.0000000000    0.1250000000    1.0577581747
      2.0000000000    0.1300000000    1.0600682569
      2.0000000000    0.1350000000    1.0623783096
      2.0000000000    0.1400000000    1.0646883314
      2.0000000000    0.1450000000    1.0669983209
      2.0000000000    0.1500000000    1.0693082765
      2.0000000000    0.1550000000    1.0716181966
      2.0000000000    0.1600000000    1.0739280795
      2.0000000000    0.1650000000    1.0762379230
      2.0000000000    0.1700000000    1.0785477252
      2.0000000000    0.1750000000    1.0808574835
      2.0000000000    0.1800000000    1.0831671951
      2.0000000000    0.1850000000    1.0854768570
      2.0000000000    0.1900000000    1.0877864652
      2.0000000000    0.1950000000    1.0900960154
      2.0000000000    0.2000000000    1.0924055023
      2.0000000000    0.2050000000    1.0947149195
      2.0000000000    0.2100000000    1.0970242595
      2.0000000000    0.2150000000    1.0993335128
      2.0000000000    0.2200000000    1.1016426679
      2.0000000000    0.2250000000    1.1039517108
      2.0000000000    0.2300000000    1.1062606239
      2.0000000000    0.2350000000    1.1085693855
      2.0000000000    0.2400000000    1.1108779688
      2.0000000000    0.2450000000    1.1131863399
      2.0000000000    0.2500000000    1.1154944571
      2.0000000000    0.2550000000    1.1178022678
      2.0000000000    0.2600000000    1.1201097063
      2.0000000000    0.2650000000    1.1224166903
      2.0000000000    0.2700000000    1.1247231165
      2.0000000000    0.2750000000    1.1270288555
      2.0000000000    0.2800000000    1.1293337448
      2.0000000000    0.2850000000    1.1316375802
      2.0000000000    0.2900000000    1.1339401054
      2.0000000000    0.2950000000    1.1362409981
      2.0000000000    0.3000000000    1.1385398537
      2.0000000000    0.3050000000    1.1408361632
      2.0000000000    0.3100000000    1.1431292872
      2.0000000000    0.3150000000    1.1454184217
      2.0000000000    0.3200000000    1.1477025560
      2.0000000000    0.3250000000    1.1499804195
      2.0000000000    0.3300000000    1.1522504147
      2.0000000000    0.3350000000    1.1545105338
      2.0000000000    0.3400000000    1.1567582528
      2.0000000000    0.3450000000    1.1589903997
      2.0000000000    0.3500000000    1.1612029887
      2.0000000000    0.3550000000    1.1633910129
      2.0000000000    0.3600000000    1.1655481846
      2.0000000000    0.3650000000    1.1676666113
      2.0000000000    0.3700000000    1.1697363916
      2.0000000000    0.3750000000    1.1717451127
      2.0000000000    0.3800000000    1.1736772280
      2.0000000000    0.3850000000    1.1755132879
      2.0000000000    0.3900000000    1.1772289963
      2.0000000000    0.3950000000    1.1787940583
      2.0000000000    0.4000000000    1.1801707881
      2.0000000000    0.4050000000    1.1813124452
      2.0000000000    0.4100000000    1.1821612815
      2.0000000000    0.4150000000    1.1826463233
      2.0000000000    0.4200000000    1.1826810517
      2.0000000000    0.4250000000    1.1821609439
      2.0000000000    0.4300000000    1.1809603074
      2.0000000000    0.4350000000    1.1789298343
      2.0000000000    0.4400000000    1.1758956376
      2.0000000000    0.4450000000    1.1716597144
      2.0000000000    0.4500000000    1.1660030590
      2.0000000000    0.4550000000    1.1586929478
      2.0000000000    0.4600000000    1.1494958963
      2.0000000000    0.4650000000    1.1381975451
      2.0000000000    0.4700000000    1.1246299003
      2.0000000000    0.4750000000    1.1087046712
      2.0000000000    0.4800000000    1.0904488838
      2.0000000000    0.4850000000    1.0700360118
      2.0000000000    0.4900000000    1.0478036854
      2.0000000000    0.4950000000    1.0242492434
      2.0000000000    0.5000000000    0.9999981691
      2.0000000000    0.5050000000    0.9757474813
      2.0000000000    0.5100000000    0.9521940436
      2.0000000000    0.5150000000    0.9299629633
      2.0000000000    0.5200000000    0.9095511840
      2.0000000000    0.5250000000    0.8912960935
      2.0000000000    0.5300000000    0.8753711265
      2.0000000000    0.5350000000    0.8618034163
      2.0000000000    0.5400000000    0.8505048278
      2.0000000000    0.5450000000    0.8413075000
      2.0000000000    0.5500000000    0.8339971535
      2.0000000000    0.5550000000    0.8283403358
      2.0000000000    0.5600000000    0.8241043249
      2.0000000000    0.5650000000    0.8210701103
      2.0000000000    0.5700000000    0.8190397095
      2.0000000000    0.5750000000    0.8178393021
      2.0000000000    0.5800000000    0.8173195693
      2.0000000000    0.5850000000    0.8173545039
      2.0000000000    0.5900000000    0.8178394277
      2.0000000000    0.5950000000    0.8186880562
      2.0000000000    0.6000000000    0.8198295511
      2.0000000000    0.6050000000    0.8212061738
      2.0000000000    0.6100000000    0.8227711666
      2.0000000000    0.6150000000    0.8244868295
      2.0000000000    0.6200000000    0.8263228588
      2.0000000000    0.6250000000    0.8282549530
      2.0000000000    0.6300000000    0.8302636591
      2.0000000000    0.6350000000    0.8323334284
      2.0000000000    0.6400000000    0.8344518470
      2.0000000000    0.6450000000    0.8366090126
      2.0000000000    0.6500000000    0.8387970320
      2.0000000000    0.6550000000    0.8410096173
      2.0000000000    0.6600000000    0.8432417613
      2.0000000000    0.6650000000    0.8454894779
      2.0000000000    0.6700000000    0.8477495951
      2.0000000000    0.6750000000    0.8500195888
      2.0000000000    0.6800000000    0.8522974510
      2.0000000000    0.6850000000    0.8545815843
      2.0000000000    0.6900000000    0.8568707179
      2.0000000000    0.6950000000    0.8591638412
      2.0000000000    0.7000000000    0.8614601502
      2.0000000000    0.7050000000    0.8637590053
      2.0000000000    0.7100000000    0.8660598977
      2.0000000000    0.7150000000    0.8683624225
      2.0000000000    0.7200000000    0.8706662576
      2.0000000000    0.7250000000    0.8729711467
      2.0000000000    0.7300000000    0.8752768855
      2.0000000000    0.7350000000    0.8775833116
      2.0000000000    0.7400000000    0.8798902954
      2.0000000000    0.7450000000    0.8821977338
      2.0000000000    0.7500000000    0.8845055444
      2.0000000000    0.7550000000    0.8868136615
      2.0000000000    0.7600000000    0.8891220326
      2.0000000000    0.7650000000    0.8914306158
      2.0000000000    0.7700000000    0.8937393773
      2.0000000000    0.7750000000    0.8960482904
      2.0000000000    0.7800000000    0.8983573332
      2.0000000000    0.7850000000    0.9006664883
      2.0000000000    0.7900000000    0.9029757415
      2.0000000000    0.7950000000    0.9052850815
      2.0000000000    0.8000000000    0.9075944987
      2.0000000000    0.8050000000    0.9099039856
      2.0000000000    0.8100000000    0.9122135357
      2.0000000000    0.8150000000    0.9145231439
      2.0000000000    0.8200000000    0.9168328057
      2.0000000000    0.8250000000    0.9191425173
      2.0000000000    0.8300000000    0.9214522756
      2.0000000000    0.8350000000    0.9237620778
      2.0000000000    0.8400000000    0.9260719213
      2.0000000000    0.8450000000    0.9283818041
      2.0000000000    0.8500000000    0.9306917242
      2.0000000000    0.8550000000    0.9330016798
      2.0000000000    0.8600000000    0.9353116692
      2.0000000000    0.8650000000    0.9376216910
      2.0000000000    0.8700000000    0.9399317437
      2.0000000000    0.8750000000    0.9422418259
      2.0000000000    0.8800000000    0.9445519363
      2.0000000000    0.8850000000    0.9468620736
      2.0000000000    0.8900000000    0.9491722366
      2.0000000000    0.8950000000    0.9514824240
      2.0000000000    0.9000000000    0.9537926347
      2.0000000000    0.9050000000    0.9561028675
      2.0000000000    0.9100000000    0.9584131213
      2.0000000000    0.9150000000    0.9607233949
      2.0000000000    0.9200000000    0.9630336872
      2.0000000000    0.9250000000    0.9653439970
      2.0000000000    0.9300000000    0.9676543233
      2.0000000000    0.9350000000    0.9699646649
      2.0000000000    0.9400000000    0.9722750207
      2.0000000000    0.9450000000    0.9745853896
      2.0000000000    0.9500000000    0.9768957706
      2.0000000000    0.9550000000    0.9792061625
      2.0000000000    0.9600000000    0.9815165642
      2.0000000000    0.9650000000    0.9838269746
      2.0000000000    0.9700000000    0.9861373927
      2.0000000000    0.9750000000    0.9884478173
      2.0000000000    0.9800000000    0.9907582473
      2.0000000000    0.9850000000    0.9930686817
      2.0000000000    0.9900000000    0.9953791194
      2.0000000000    0.9950000000    0.9976895593
      2.0000000000    1.0000000000    1.0000000002
